0.1582
0.1582
0.0004
0.1298
0.1384
0.1216
0.1159
0.0284
0.034
0.0367
0.033
0.0334
0.0331
0.0256
0.0327
0.1252
0.0286
0.0343
0.1446
0.0276
0.0343
0.0377
0.0332
0.0327
0.033
0.1475
0.0274
0.0348
0.0385
0.0339
0.0263
0.1264
0.0285
0.0338
0.0258
0.0343
0.0344
0.1475
0.0279
0.0369
0.0262
0.0355
0.1262
0.0287
0.0359
0.0324
0.036
0.1186
0.0277
0.0376
0.0317
0.0344
0.04
0.0336
0.1332
0.0285
0.0359
0.0335
0.0268
0.0349
0.1323
0.0318
0.0356
0.0359
0.0348
0.0355
0.1317
0.0288
0.0302
0.0344
0.1522
0.028
0.036
0.041
0.0349
0.027
0.0354
0.1431
0.0326
0.0358
0.0397
0.0356
0.0392
0.129
0.0293
0.0418
0.0349
0.0396
0.0359
0.0363
0.1355
0.0303
0.039
0.0341
0.1511
0.0273
0.0369
0.0419
0.0361
0.0365
0.0274
0.1425
0.03
0.0366
0.0362
0.0365
0.0402
0.1356
0.03
0.0431
0.0357
0.0409
0.0289
0.1419
0.0304
0.0378
0.0391
0.1374
0.034
0.0361
0.0357
0.0433
0.0289
0.0368
0.1401
0.0316
0.0291
0.0367
0.028
0.0381
0.143
0.0308
0.04
0.038
0.0418
0.1393
0.0313
0.0424
0.0374
0.0444
0.141
0.0306
0.0428
0.0372
0.0371
0.0373
0.1467
0.032
0.039
0.0399
0.037
0.0375
0.0363
0.15
0.0323
0.0386
0.0392
0.0382
0.04
0.1432
0.0318
0.0399
0.0381
0.0307
0.0383
0.1438
0.0361
0.0302
0.0393
0.0385
0.1545
0.0313
0.0399
0.0395
0.0391
0.0299
0.0391
0.1544
0.0322
0.0391
0.0415
0.0392
0.0422
0.1471
0.0325
0.0451
0.0392
0.0465
0.1494
0.0324
0.0383
0.0392
0.0394
0.1477
0.0353
0.0411
0.0394
0.0443
0.0386
0.0394
