-4850.67
-32452.2
-28433.8
366503
-481977
155753
-57231.4
384638
-478198
95403.9
349249
-510591
492623
-534110
501744
-522154
502788
-137132
15016.4
-395686
479573
-120294
20680.4
-4993.71
-386113
479567
-114023
14773.4
2874.07
-3129.08
-2974.63
-380872
478712
-113339
16727.3
15747.3
-11866.9
-3056.05
-348677
537272
-151653
-368862
467826
-122007
-375413
479237
-121086
13391.5
19348.2
-372530
478283
-125182
11784.6
-10649.1
-386646
484618
-85439.2
74177.1
-424287
484911
-139489
-363661
475918
-127930
18449.7
-19822.6
-375783
483550
-114162
23299.5
-18634.6
1262.92
-393513
496928
-130727
36524.9
-6272.94
-2710.9
-1308.87
-390954
494164
-128983
32903.9
-9626.21
4119.81
-898.338
2324.69
-390857
478023
-102815
11354.2
5726.85
-9687.34
6195.85
-7333.48
-375612
483856
-130828
41589.6
-19363.4
8119.49
-7654.79
8312.8
-391246
489263
-121797
33259.7
-10910.1
-11621.9
12856
-6873.14
-377975
481770
-112044
19041
660.036
-6895.65
-8369.27
13573.1
-400633
499126
-127415
39912.2
-18978.3
6437.29
273.959
-10863.8
-373510
474252
-105880
11158.9
7443.86
-4255.47
-1140.31
9498.36
-396473
494894
-134971
34449.7
-9915.21
11141.7
-7007.2
-1558.08
-381716
487485
-120961
17536.8
-3617.32
140.289
5404.04
-5675.09
-379783
484359
-114297
22819.1
-18486
9272.45
-6902.61
12916.9
-15006.7
-374254
489506
-121083
22890.3
-14108.3
8139.73
-12038
10519.9
-390660
497118
-129215
27559.7
-1273.56
-1712.58
1021.45
-11999.4
-372166
476075
-110110
18115.5
6231.26
-7803.93
1942.43
1255.57
-399190
497349
-124853
32312.6
-12761.1
11374.3
-10236.7
7850.34
-391068
484951
-113716
13544.6
4268.72
-7744.77
8935.52
-10216
-375442
488643
-127267
29867.8
-15826.5
11139.9
-6894
12346.6
-405157
505675
-132835
29425
-1147.59
-10341.4
11303.6
-10791.4
-378543
481991
-109412
15146.4
1633.32
-2260.28
-11733.3
13296.3
-397289
497718
-130868
41907.2
-21585.4
14043.4
-7568.14
3899.49
-388486
480581
-112627
14405.2
3495.81
-4876.48
11406.8
-8767.98
-2709.1
-380305
474291
-107367
15283.7
5850.4
-6573.71
12347.8
-13275
-380599
490057
-124330
31757.5
-16908.4
4428.57
-3530.43
9976.55
-399782
498425
-122454
27380.5
-5080.78
-14104.8
19312.1
-17632.4
-372079
477742
-108949
16164.5
1358.16
-3275.82
-8787.97
9865.67
-399126
497719
-128683
39202
-16637
11182.3
-5841.69
-251.546
-1955.47
-390826
500041
-132116
32551.7
-6804.83
8207.16
-10577.3
3175.28
-386635
478516
-109972
12142.6
9389.56
-6906.59
12372.1
-14878.9
-374825
479479
-119525
33898.7
-18085.1
5765.18
-4386.03
6964.76
-388272
492243
-123197
23385.3
-1354.28
-13411.9
11564.8
-10802.3
-383359
490740
-111073
12735.8
680.132
-1970.65
-8577.05
15677.9
-406535
503295
-125732
30299.1
-7404.55
9997.56
-11042.7
47.5084
-386349
481698
-116167
26028
-544.694
-5094.85
-255.587
165.754
-2157.77
-377390
470837
-106521
14588.6
3882.14
-5515.75
12102.6
-15376.4
-373617
479715
-118534
28816
-15707.9
13792.9
-9200.33
6473.14
-9549.69
-379861
488199
-122254
30714
-16669
9198.54
-7992.93
2489.26
-388099
493373
-125608
34180
-8940.79
-6251.62
10900
-22001.7
-364910
474358
-108712
16173.8
8316.05
-6710.34
-4806.41
7282.03
-16252
-368484
474106
-115553
24386.3
4156.92
-11651.6
4591.16
-2048.6
-386057
490772
-132452
37617.3
-15605.1
9358.43
-8044.84
11603.1
-9299.21
-378405
481938
-119032
30524.2
-14528.8
9718.43
-9232.19
8694.5
-9055.72
-382702
494282
-118439
18902.6
-14186.6
14640.6
-12132.2
2404.87
-385335
490505
-121159
25031.2
-4482.99
-12075.2
13961.8
-16799.8
13810.2
-393580
498358
-124136
28352.2
-8531.84
4447.02
-2604.1
-15439.1
-365851
470194
-108689
17847.7
8956.39
-9044.32
-2600.05
5663.07
-391701
494254
-133809
38442.1
-12055
15373.4
-14507.3
7818.65
-10894
-382741
488988
-127221
37341.4
-16168.7
10035.6
-8748.2
4814.9
-387096
484494
-119022
28330.6
-1097.68
-14630.6
10272.7
-9905.95
7793.64
-393196
498360
-129495
31365.8
-4929.62
-1889.44
4347.57
-8047.07
6858.12
-395131
499411
-128129
35801.7
-10941
-1481.3
2736.79
-11373.5
-372892
470354
-107002
20081.5
-754.606
-654.412
4487.15
-7563.65
-387833
493469
-131519
37861.5
-15152.9
12980.4
-14354.9
16394.3
-11516
-385404
490764
-132995
42584
-25466.8
13451.3
-5190.56
13474.2
-17330.4
-377409
489299
-126327
32837.8
-17676.4
12118.8
-10875.5
6937.04
-4277.69
-375341
476762
-119348
25325
3976.76
-8929.86
-5212.41
6353.46
-9039.32
-376230
485657
-110932
17626.6
-5950.16
3950.33
-5730.6
8419.63
-396647
491742
-127713
33156.9
-7028
14154.9
-15880
1776.19
1432.64
-387988
491755
-127319
30366.9
-9525.37
6283.85
-5739.99
5160.43
-3371.7
-388402
490875
-122797
27606.3
-15841
12796.3
-11613.7
13552.8
-7596.99
-383695
490238
-121648
26246.2
-13897.1
12314.5
-13134.3
9126.55
-398316
508240
-139484
37546.6
-9594.82
8855.23
-8017.88
-4997.03
2534.12
-389236
490987
-122813
32958.8
-9208.02
4008.39
-3019.16
735.593
-387196
477627
-107056
13543.7
415.53
1300.71
1819.59
-2088.8
-536.048
-384203
484370
-109396
2789.9
14497.4
-8084.99
5633
-6673
3271.34
-391018
492509
-119967
15058.9
5593.44
-11322.9
10915.3
-10658.1
11729
-390998
489682
-123526
26738
1542.33
-15279.2
16299.6
-19498.7
18224.9
-395758
499385
-128653
21482
1916.49
-6188.38
4287.46
-13835.3
-371730
478666
-114005
23374.7
-1495.13
21.3882
37.951
545.145
-7080.62
-381465
481629
-113008
18242.1
360.041
-372.389
3859.24
-12760.2
6499.05
-382105
483171
-119828
14645.1
6776.37
-9475.07
6671.16
-2081.63
6889.37
-3340.99
-380410
481819
-120580
26112
-13874.9
9637.46
-7073.81
4924.7
-5955.26
-378078
479119
-110806
21998.2
-4942.48
-1187.76
-2791.62
5061.97
-15169.8
-370322
483149
-109842
10425.8
5553.03
542.439
-6108.85
3754.24
-12093.6
-375924
478661
-110181
15951.2
6270.08
-8300.53
8506.5
-4199.8
-5450.34
-384488
483999
-107680
9316.61
5278.47
-5252.72
2915.97
2033.31
-1085.88
-4546.82
-383702
496628
-125451
27125.6
-19954.3
13348.5
-6867.15
7485.3
-10913
-369337
472100
-108590
19928.9
-5509.13
1665.87
-11023.9
15727.6
-20488.1
-370722
479057
-105555
14736.4
-3673.5
7161.18
-10347.4
6352.24
-7878.9
-380816
480400
-113766
25964
3177.45
-9275.54
-3508.47
4842.84
-4921.82
-380491
476520
-109012
11402.3
7438.9
-4239.9
5291.56
-7706.98
6767.05
-4820.17
-381085
482565
-120751
29890.6
-16998.4
13604.3
-12335.6
8908.35
-7974
-374944
481550
-112564
16523.8
2411.11
-3019.47
-12079.3
18222.9
-22190.6
12474.9
-385639
494706
-126527
32788.4
-18205.2
5295.62
1097.56
-11049.3
12000
-397480
497806
-129805
32532.7
-11107.8
15769.9
-15144.2
10668.9
-5714.25
-2407.94
-382039
479027
-112316
17041.9
4419.5
-6760.51
7070.24
-8664.35
4847.37
3195.37
-392778
494584
-129041
34529.1
-19673.8
15296.7
-12731.3
11661.3
-7080.51
4356.73
-391279
490422
-119417
24594.1
-647.229
-11457.4
6774.55
-5292.84
5585.68
-8295.22
-368376
473416
-115908
25564.4
112.758
-3105.93
-10944.7
13111.8
-15516.4
-373580
481321
-110381
12209.8
11529.1
-11752.9
750.265
2169.06
-2151.96
24.3158
-393974
505123
-137667
34459
-12552.8
19326.1
-23547
12267.2
-1167.46
4414.25
-391396
487772
-112834
9523.2
4777
-6195.19
3706.34
1843.84
-513.372
-390698
488745
-111492
16127.9
892.802
-10644.9
9214.68
-9157.39
9229.38
-10790.3
-374213
481405
-115214
20429.3
5184.91
-9164.6
-885.747
2019.28
-5840.6
3131.85
-390978
492512
-121034
34084.3
-16487.5
12857.2
-9476.27
8169.51
-6223.44
-10266.4
-372484
474522
-106478
12380.2
16242.2
-18876.3
8417.73
-3994.74
5749.01
-393302
490925
-117910
12402.1
6793.85
-5697.46
-1277.95
459.779
6897.45
-6597.85
-384909
490017
-118883
25533.2
-14289.6
16179.2
-18413.4
8845.48
-5715.14
-371780
474257
-114465
23032.2
-1930.77
689.556
-13506.7
14786.1
-16449.5
12647.8
-395420
494581
-120964
31888.6
-8953.18
-1920.86
2818.45
1467.91
-5217.15
-7201.08
-374905
475637
-109404
16874.3
11372.3
-10721.2
4764.4
-3718.4
3591.96
-393272
479711
-102664
12905.2
5332.96
-11220.4
5004.73
-5369.58
13666.3
-11474.2
-380004
484534
-118075
23811.5
-12781.3
15281.8
-11781.4
2305.46
-6264.57
-376343
478675
-111787
17982.8
5768.26
-4978.94
-5195.79
7358.09
-15190.4
10302.1
-10427.4
-374317
483578
-114699
20796.4
3473.12
-5508.33
4075.89
1203.72
-20167
-365208
473327
-111645
17500.1
5894.84
-3942.09
-656.38
-4553.95
7653.73
-4558.16
-386520
497362
-139520
41496.9
-21854.5
17886.9
-9087.43
