-68790.1
-482884
-818024
3.91961e+06
-2.65003e+06
-163886
-1.05934e+06
3.93337e+06
-2.5969e+06
-891119
3.49173e+06
-3.4219e+06
3.42181e+06
-3.93673e+06
3.04303e+06
-4.17304e+06
2.81245e+06
538912
872921
-4.22804e+06
2.3306e+06
300168
685734
603228
-4.35563e+06
2.19347e+06
241675
546438
571317
525076
492660
-4.40111e+06
2.13127e+06
192814
520041
706199
535469
513921
-3.96794e+06
3.28412e+06
792900
-3.79528e+06
2.58794e+06
545070
-4.15657e+06
2.37955e+06
334672
634427
867758
-3.94104e+06
2.58013e+06
483624
763508
615601
-4.3435e+06
2.2757e+06
681772
1.72242e+06
-3.80268e+06
2.85078e+06
570399
-3.96096e+06
2.51519e+06
390294
758273
485235
-4.32323e+06
2.26274e+06
308258
720872
458584
495066
-4.564e+06
2.21589e+06
29934.5
634333
514052
486215
472637
-4.54993e+06
2.19113e+06
31560.3
585699
427004
492212
473683
505817
-4.51889e+06
2.01271e+06
208984
456896
519869
387855
480549
376558
-4.43943e+06
2.15005e+06
-20938.5
646289
354944
478653
370675
487627
-4.55057e+06
2.12926e+06
65655.8
617101
444213
305093
483083
379155
-4.46805e+06
2.09725e+06
171601
527301
517046
429125
327252
511236
-4.6521e+06
2.16343e+06
17271.4
661849
374765
478456
474736
333935
-4.45311e+06
2.01221e+06
171878
420554
507273
442358
434876
554710
-4.54815e+06
2.20698e+06
-29465.5
551359
386463
542121
438018
427605
-4.47832e+06
2.16786e+06
119908
467028
404124
406716
478432
397232
-4.47318e+06
2.12609e+06
167368
576656
315452
454296
354460
528260
320308
-4.4705e+06
2.19001e+06
140829
555272
350989
471124
306508
454379
-4.57797e+06
2.20249e+06
35379.3
524161
475948
455803
471619
315108
-4.45343e+06
2.03415e+06
137488
479570
544494
434424
469050
482533
-4.64851e+06
2.14204e+06
31573
575050
376022
537919
391767
504689
-4.52947e+06
2.0928e+06
140097
428693
470307
364845
490235
346803
-4.46371e+06
2.18681e+06
56692.8
570910
335624
495748
393711
561373
-4.65932e+06
2.24655e+06
23825.9
537560
493793
360785
517002
365701
-4.48562e+06
2.08303e+06
191742
493890
502364
468779
320889
504439
-4.61537e+06
2.17803e+06
-10144.1
663485
340944
546120
431484
490189
-4.50478e+06
2.05774e+06
123862
422396
453132
384909
539250
411912
388087
-4.49754e+06
1.97653e+06
116902
421008
481962
389107
558005
371134
-4.50284e+06
2.17116e+06
77729.8
613244
362207
437167
384904
520180
-4.63049e+06
2.17713e+06
94559.8
571150
479054
302040
564557
317632
-4.44441e+06
2.06386e+06
182439
497616
501547
455548
345795
483074
-4.65683e+06
2.13804e+06
-22210.5
614809
358261
521049
432282
435893
410783
-4.60949e+06
2.20755e+06
1386.42
555303
432089
547756
399961
452769
-4.51889e+06
2.0155e+06
118529
384922
494143
393419
562254
355457
-4.44235e+06
2.08951e+06
68476.8
626226
358343
451350
386975
483309
-4.51532e+06
2.20076e+06
115807
542242
502094
329194
493038
341239
-4.5731e+06
2.11363e+06
191336
465231
462325
435688
326887
538285
-4.70268e+06
2.17251e+06
43803.4
563554
434587
573205
418443
430834
-4.5321e+06
2.04222e+06
61739.7
511915
481750
413294
418791
417280
389907
-4.45609e+06
1.96997e+06
124730
419008
454925
377717
542025
328860
-4.45339e+06
2.0806e+06
71680
563141
330961
525536
390842
485802
353761
-4.51529e+06
2.13484e+06
69613.4
589206
342678
479126
365457
406760
-4.58492e+06
2.14519e+06
27883.7
596924
444530
374246
521545
226633
-4.43964e+06
2.01806e+06
143041
457946
550893
453550
399250
498458
281366
-4.4363e+06
2.02275e+06
57787
486293
517779
360790
433626
400145
-4.55732e+06
2.13465e+06
-65778.1
553152
313140
450052
334762
494407
360417
-4.48982e+06
2.07787e+06
60313.1
574498
355642
496202
365305
489151
360834
-4.54487e+06
2.18597e+06
163613
527685
324910
528007
356830
400847
-4.55518e+06
2.13461e+06
78098.8
525551
439961
289546
481567
250291
445928
-4.6276e+06
2.17213e+06
68646.3
561038
420329
487040
450025
252971
-4.43172e+06
1.97405e+06
101983
439118
539323
410556
389961
461403
-4.57632e+06
2.16685e+06
-55181.6
576146
379453
592083
387031
505075
354150
-4.55102e+06
2.11387e+06
-17553.6
593113
345849
492091
367076
440966
-4.54124e+06
2.07386e+06
50065.4
535377
493451
305396
453479
314099
425445
-4.63709e+06
2.16188e+06
-10089.8
527815
428689
410319
468969
359934
457166
-4.62926e+06
2.18558e+06
29688
622215
442621
435313
473174
322567
-4.45592e+06
1.95864e+06
108027
472195
445322
434112
494511
390320
-4.58438e+06
2.14441e+06
-46758.9
573664
338495
522703
322662
550667
382994
-4.55604e+06
2.1347e+06
-72315.5
609790
238935
438358
355510
536267
297218
-4.53179e+06
2.12923e+06
11678.9
561030
300033
474867
320854
422249
357790
-4.45747e+06
2.04001e+06
26300.3
469239
495127
376927
318380
406143
281858
-4.5416e+06
2.07167e+06
157071
492606
401175
454761
377716
492095
-4.61348e+06
2.10215e+06
-38356.4
517681
391670
583116
362084
403799
417134
-4.56904e+06
2.13824e+06
2737.48
522664
368550
459087
377273
451849
400477
-4.58427e+06
2.10831e+06
33318.9
513467
280994
461564
297705
485929
371748
-4.54783e+06
2.13162e+06
72851.3
532441
327062
500601
317392
449232
-4.68e+06
2.2518e+06
-59201.2
566753
403042
527488
416435
358620
397452
-4.60807e+06
2.09101e+06
12667.7
563210
408666
472776
426381
439495
-4.53579e+06
1.98743e+06
128086
409849
402272
416454
440600
409538
407931
-4.53173e+06
2.07616e+06
180674
326718
510592
390004
473400
378819
429666
-4.60016e+06
2.11951e+06
78804.6
393785
450823
298761
450557
300820
465395
-4.57402e+06
2.11132e+06
24833.2
495017
486978
288926
514639
245586
501016
-4.60494e+06
2.20983e+06
47673.6
456699
456625
375765
437540
254424
-4.50788e+06
2.013e+06
63659.4
477941
437844
436411
439352
443475
352868
-4.54168e+06
2.02742e+06
87900.2
436045
422659
415426
468242
297193
396350
-4.52314e+06
2.06761e+06
38919.6
347656
420235
290660
386007
350706
443697
390915
-4.49148e+06
2.07716e+06
40263.7
498133
292746
430699
329098
400727
316735
-4.53245e+06
1.99838e+06
91226.2
483429
398958
387976
352297
421375
220381
-4.52253e+06
2.05368e+06
154848
397518
460694
459210
381567
435254
275477
-4.5421e+06
1.98256e+06
83419.3
397382
464474
348266
468761
402988
339631
-4.59729e+06
2.00566e+06
131772
359890
419773
345259
388483
409534
396310
335753
-4.58712e+06
2.17431e+06
59833.7
535781
251297
443413
340704
444296
294427
-4.43815e+06
1.99446e+06
123276
486291
396219
423687
279347
493009
212542
-4.52975e+06
1.99431e+06
154684
448332
389385
481472
342198
434753
326062
-4.55822e+06
1.99336e+06
45283.4
492204
508817
384009
351156
413639
346739
-4.53749e+06
1.96463e+06
81561.2
337720
421731
358007
432681
325411
422919
350859
-4.53845e+06
2.04038e+06
-358.847
507450
257331
450504
276129
403871
290267
-4.51619e+06
2.04229e+06
110123
433789
448836
408536
254999
502140
196904
381096
-4.58947e+06
2.15569e+06
24780.1
577287
306958
394663
402696
259304
424681
-4.69534e+06
2.09924e+06
-74703.6
475411
297557
514576
300409
456346
368109
343428
-4.56175e+06
1.97372e+06
45673.4
377247
417874
323709
424522
302414
376171
409026
-4.63863e+06
2.10678e+06
-52633.9
523148
233578
450428
270014
434261
328632
394523
-4.64067e+06
2.0547e+06
19774.7
457411
425368
277454
376526
300287
378531
263795
-4.45798e+06
1.98939e+06
22812.9
465639
443529
401393
264001
444329
230279
-4.55373e+06
2.0031e+06
97623.4
364108
502583
336724
361046
384876
355861
359105
-4.70448e+06
2.18058e+06
-102071
481832
282768
546567
221267
405785
374703
435328
-4.60137e+06
2.05745e+06
114288
350286
403108
316993
371677
389130
383807
-4.63933e+06
2.03427e+06
102467
423753
420009
280594
410936
282244
410839
260399
-4.53425e+06
2.02205e+06
56304.2
432482
480370
355304
353308
381367
302562
350167
-4.67874e+06
2.04158e+06
-15469
548007
298416
483460
345058
460130
372701
246103
-4.52876e+06
1.93923e+06
90665.1
355394
554613
292110
422524
359032
439292
-4.62251e+06
2.0791e+06
67203.4
344911
419936
338941
329096
333775
424999
329640
-4.60664e+06
2.07106e+06
47573.2
497080
286210
508667
255154
388180
303313
-4.46481e+06
1.99685e+06
47595.5
456796
410255
420355
245502
449924
222251
401707
-4.69281e+06
2.05786e+06
-13.9676
534826
384585
371783
406634
423519
355061
267148
-4.5423e+06
1.94285e+06
54799.8
380951
512649
360252
435517
379316
430489
-4.62736e+06
1.92978e+06
125373
393348
450287
298727
375550
298991
483064
318176
-4.54976e+06
2.05219e+06
44668.7
471176
281049
491924
323433
366183
280485
-4.5454e+06
1.97721e+06
58625.6
399420
457273
385222
324010
424627
220658
369051
223250
-4.57471e+06
2.00994e+06
48932.3
428913
455213
377667
436172
448294
186998
-4.48439e+06
1.96089e+06
47183.9
382829
443508
383653
382051
320885
426187
357237
-4.6048e+06
2.17382e+06
-124416
551034
226491
479615
342258
