-1.03847
-1.03847
0
0.0174533
0.218166
0.593412
1.11701
1.74533
2.34747
2.92343
-2.82743
-2.32129
-1.82387
-1.3439
-0.907571
-0.479966
0.0523599
0.558505
1.05592
1.68424
2.27765
2.83616
-2.92343
-2.41728
-1.93732
-1.46608
-0.890118
-0.349066
0.165806
0.645772
1.09956
1.54462
2.0944
2.63545
-3.12414
-2.62672
-2.15548
-1.68424
-1.09083
-0.523599
0
0.462512
0.933751
1.51844
2.08567
2.63545
3.14159
-2.64417
-2.03331
-1.45735
-0.916298
-0.418879
0.0349066
0.471239
0.916298
1.4748
2.00713
2.522
3.01942
-2.80998
-2.33874
-1.7366
-1.16937
-0.654498
-0.174533
0.287979
0.750492
1.3439
1.88496
2.38237
2.87107
-2.79253
-2.19911
-1.64934
-1.15192
-0.680678
-0.244346
0.200713
0.776672
1.32645
1.84132
2.34747
2.84489
-2.94961
-2.33874
-1.76278
-1.20428
-0.680678
-0.200713
0.253073
0.706858
1.28282
1.8326
2.34747
2.85361
-2.80998
-2.21657
-1.65806
-1.15192
-0.680678
-0.226893
0.20944
0.759218
1.27409
1.76278
2.24275
2.71399
-3.07178
-2.45219
-1.88496
-1.35263
-0.846485
-0.375246
0.0785398
0.637045
1.16937
1.67552
2.19039
2.82743
-2.87979
-2.33874
-1.82387
-1.33518
-0.890118
-0.453786
0.0785398
0.584685
1.05592
1.50971
1.92859
2.37365
2.94088
-2.7838
-2.25147
-1.74533
-1.24791
-0.645772
-0.0698132
0.462512
0.951204
1.44862
2.05076
2.63545
-3.09796
-2.58309
-2.10312
-1.61443
-1.00356
-0.445059
0.0698132
0.541052
0.994838
1.43117
1.89368
2.48709
3.0456
-2.71399
-2.20784
-1.71915
-1.213
-0.584685
-0.00872665
0.523599
1.02974
1.50098
1.98095
2.57436
3.13287
-2.63545
-2.13803
-1.64934
-1.06465
-0.523599
-0.00872665
0.471239
0.925025
1.35263
1.78896
2.35619
2.9147
-2.83616
-2.33001
-1.85005
-1.36136
-0.759218
-0.20944
0.296706
0.776672
1.26536
1.87623
2.45219
2.98451
-2.79253
-2.28638
-1.66679
-1.10828
-0.593412
-0.113446
0.340339
0.776672
