575.4
575.4
0
0
0
0
568.8
559.2
558.6
558.6
562.2
562.8
563.4
561.6
0
578.4
561
0
576.6
558.6
562.8
558.6
561.6
563.4
0
573.6
555
563.4
564.6
571.8
0
577.2
565.8
564.6
564.6
561.6
0
571.8
556.2
562.8
559.8
0
575.4
557.4
565.8
562.2
0
570.6
554.4
559.2
564
564.6
568.2
0
576.6
565.8
570.6
563.4
562.8
0
573
558.6
560.4
562.2
565.8
0
581.4
559.8
565.8
0
573.6
556.2
558.6
559.8
564
566.4
0
579
560.4
562.8
564.6
565.8
0
572.4
553.8
560.4
558.6
562.8
562.8
0
576
561.6
566.4
0
570
556.8
562.2
556.2
563.4
565.8
0
576.6
567.6
568.2
562.8
565.2
0
571.8
556.2
561.6
560.4
560.4
0
573.6
564
562.8
0
571.2
556.8
561.6
559.2
561.6
560.4
0
573.6
560.4
571.2
570.6
568.8
0
571.8
559.8
562.2
561.6
0
570
555.6
561.6
564.6
0
575.4
560.4
561
564.6
561
0
568.8
557.4
565.2
565.8
571.8
571.2
0
574.8
561
561.6
558.6
564.6
0
573
553.8
560.4
568.2
567.6
0
577.8
557.4
558.6
562.8
0
570.6
558.6
565.8
564.6
568.2
565.8
0
576.6
561.6
561.6
561.6
559.2
0
573.6
555.6
560.4
565.2
0
576.6
559.8
560.4
558
0
568.2
553.8
560.4
564
565.8
569.4
0
